7
Cordia        0.0000000 0.2819249 0.4153133 0.5261790 0.4361296 0.2069175 0.4585050 
Heisteria     0.2819249 0.0000000 0.2004327 0.3612835 0.3005218 0.3709885 0.3203604 
Theobroma     0.4153133 0.2004327 0.0000000 0.2204003 0.2962221 0.3889969 0.3451203 
Chrysophyllum 0.5261790 0.3612835 0.2204003 0.0000000 0.3828363 0.4790064 0.3973125 
Dipteryx      0.4361296 0.3005218 0.2962221 0.3828363 0.0000000 0.4316896 0.3856909 
Lacmellea     0.2069175 0.3709885 0.3889969 0.4790064 0.4316896 0.0000000 0.4124782 
Apeiba        0.4585050 0.3203604 0.3451203 0.3973125 0.3856909 0.4124782 0.0000000 
